function globals()
    global A;
    global b;

    A = [5.103 0.293 0.336 0.270;
        0.179 4.912 0.394 0.375;
        0.189 0.321 2.875 0.216;
        0.317 0.165 0.386 3.934];

    b = [0.745; 0.381; 0.480; 0.552];
end
